29
2 43 1 3 -1 2 4 -1
0 0 5 -1 3 0 -1 -1
0 0 0 -1 -1 6 -1 4
0 0 -1 7 9 -1 0 1
0 0 -1 0 2 -1 8 10
0 0 11 13 -1 1 -1 20
0 0 2 -1 19 12 14 -1
0 0 15 -1 -1 9 3 -1
0 0 10 4 -1 16 -1 -1
0 0 7 -1 -1 -1 -1 3
0 0 -1 -1 4 8 -1 -1
0 0 21 -1 13 5 20 28
0 0 6 19 27 22 -1 14
0 0 -1 23 15 -1 5 11
0 0 -1 6 12 -1 24 16
2 11 23 -1 -1 7 -1 13
2 11 8 -1 14 24 -1 -1
0 0 -1 -1 -1 25 19 -1
0 0 26 20 -1 -1 -1 -1
0 0 -1 17 25 27 12 6
0 0 28 11 5 -1 18 26
0 0 -1 -1 -1 11 28 -1
0 0 12 27 -1 -1 -1 -1
0 0 -1 -1 -1 15 13 -1
0 0 16 14 -1 -1 -1 -1
2 43 17 -1 -1 -1 27 19
2 43 -1 28 20 18 -1 -1
2 17 19 25 -1 -1 22 12
2 17 -1 21 11 20 26 -1
1
3
4
43 0 0
0 0 0
0 0 0
0 60 0
0 0 60
0 0 0
0 0 0
0 0 0
0 0 0
0 0 0
0 0 0
0 0 0
0 0 0
0 0 0
0 0 0
11 0 0
11 0 0
0 0 0
0 0 0
0 0 0
0 0 0
0 0 0
0 0 0
0 0 0
0 0 0
43 0 0
43 0 0
17 0 0
17 0 0
0 0 0
0 0 0
0 0 0
0 60 0
0 0 60
0 0 0
0 0 0
0 0 0
0 0 0
0 0 0
0 0 0
0 0 0
0 0 0
43 0 0
43 0 0
0 0 0
0 0 0
0 0 0
0 0 0
0 0 0
0 0 0
0 0 0
0 0 0
5 0 0
5 0 0
0 0 0
0 0 0
0 0 0
0 0 0
0 0 0
0 0 0